         0.431244584581216E-08
         0.774157317353416E-07
         0.691266555436560E-06
         0.409439122822232E-05
         0.181013101506266E-04
         0.637318432699646E-04
         0.186211432736457E-03
         0.464598930823046E-03
         0.101100883420247E-02
         0.195055813860593E-02
         0.338093571519611E-02
         0.532344072437860E-02
         0.768736262565740E-02
         0.102683969929371E-01
         0.127878993224809E-01
         0.149605377428225E-01
         0.165646096855731E-01
         0.174892556026549E-01
         0.177448686934842E-01
         0.174393439575762E-01
         0.167347811339890E-01
         0.158024306283335E-01
         0.147891084832640E-01
         0.138003403449632E-01
         0.128984922508892E-01
         0.121104275846129E-01
         0.114388257755065E-01
         0.108729110990403E-01
         0.103964895798702E-01
         0.999290789607533E-02
         0.964750002387232E-02
         0.934838112467008E-02
         0.908635338044287E-02
         0.885445084382138E-02
         0.864741962176414E-02
         0.846126510836073E-02
         0.829290317632853E-02
         0.813990835259739E-02
         0.800033772083443E-02
         0.787260891453367E-02
         0.775541499384643E-02
         0.764766397932290E-02
         0.754843484821618E-02
         0.745694465669493E-02
         0.737252334845748E-02
         0.729459403161433E-02
         0.722265728216367E-02
         0.715627852264611E-02
         0.709507783077023E-02
         0.703872172001899E-02
         0.698691654503361E-02
         0.693940324792866E-02
         0.689595319800223E-02
         0.685636490090599E-02
         0.682046137387004E-02
         0.678808800681114E-02
         0.675911075764924E-02
         0.673341456392135E-02
         0.671090188995086E-02
         0.669149136639730E-02
         0.667511651353219E-02
         0.666172456781597E-02
         0.665127545077186E-02
         0.664374092834581E-02
         0.663910400778229E-02
         0.663735860872121E-02
         0.663850952807186E-02
         0.664257269744377E-02
         0.664957571116644E-02
         0.665955858585978E-02
         0.667257470232023E-02
         0.668869187949310E-02
         0.670799353967531E-02
         0.673057994367754E-02
         0.675656950300145E-02
         0.678610021057129E-02
         0.681933126887230E-02
         0.685644503094766E-02
         0.689764940247838E-02
         0.694318088014591E-02
         0.699330842255171E-02
         0.704833836759872E-02
         0.710862063008718E-02
         0.717455644484074E-02
         0.724660797806894E-02
         0.732531023288097E-02
         0.741128585217162E-02
         0.750526371473410E-02
         0.760810269104772E-02
         0.772082267141445E-02
         0.784464615154510E-02
         0.798105547567358E-02
         0.813187355516107E-02
         0.829937967880244E-02
         0.848647663848632E-02
         0.869692928980518E-02
         0.893569367035554E-02
         0.920934115284600E-02
         0.952653897069546E-02
         0.989845712590406E-02
         0.103388156721748E-01
         0.108630715939293E-01
         0.114860301134698E-01
         0.122170946250382E-01
         0.130526717586217E-01
         0.139661662084124E-01
         0.148976130226341E-01
         0.157469685817210E-01
         0.163764929939431E-01
         0.166271412299893E-01
         0.163502897769821E-01
         0.154495834068770E-01
         0.139204271242613E-01
         0.118707192580797E-01
         0.950971315325232E-02
         0.710317823197941E-02
         0.490804673898022E-02
         0.311049126785199E-02
         0.179087113915651E-02
         0.926429592896334E-03
         0.424938592191528E-03
         0.170012956560559E-03
         0.580891438034346E-04
         0.164719000302845E-04
         0.372003846566943E-05
         0.627124631847064E-06
         0.701310167381417E-07
         0.390118221828592E-08
