         0.330123671845496E-35
         0.606569766519991E-33
         0.445900424765450E-31
         0.172843164870014E-29
         0.396614200173062E-28
         0.581475813496740E-27
         0.582472728314956E-26
         0.425698271103386E-25
         0.241842185668464E-24
         0.113087842460978E-23
         0.456600535178120E-23
         0.165333653997475E-22
         0.553541582757260E-22
         0.178829353139504E-21
         0.720097439510416E-21
         0.862617171515787E-20
         0.219608967712317E-18
         0.532380491638774E-17
         0.104959452594338E-15
         0.163343863814917E-14
         0.196720756603743E-13
         0.179401661524573E-12
         0.121171865892596E-11
         0.595614091883372E-11
         0.213580811770365E-10
         0.581708965153099E-10
         0.129393579296075E-09
         0.253164999985580E-09
         0.458331282788459E-09
         0.789592090422567E-09
         0.131549515357630E-08
         0.214226196484433E-08
         0.343686217214058E-08
         0.546672821030113E-08
         0.867567546096818E-08
         0.139212094799071E-07
         0.243202788735792E-07
         0.650488637134709E-07
         0.370374496229182E-06
         0.276480654171183E-05
         0.180917364373477E-04
         0.916310503326052E-04
         0.340930393245976E-03
         0.883314683535754E-03
         0.153442476952188E-02
         0.192447761191509E-02
         0.210873183990530E-02
         0.232586830839789E-02
         0.261840278986725E-02
         0.296731419275025E-02
         0.336895321819704E-02
         0.382946744341622E-02
         0.436010181922047E-02
         0.497670623308297E-02
         0.570112968664451E-02
         0.656410085498199E-02
         0.761109820361465E-02
         0.892024338530630E-02
         0.106879832656704E-01
         0.136499752024302E-01
         0.208366220166234E-01
         0.416038420825709E-01
         0.981258536734211E-01
         0.189862670745075E+00
         0.216532883423484E+00
         0.141379703272005E+00
         0.662057425249500E-01
         0.312330595299382E-01
         0.184463468380434E-01
         0.136235176822292E-01
         0.111803781286983E-01
         0.951850656714819E-02
         0.822502501833777E-02
         0.716838363211581E-02
         0.628486822679619E-02
         0.553429340693422E-02
         0.488876842257430E-02
         0.432824880955232E-02
         0.383828708778489E-02
         0.340945069654607E-02
         0.303997247790811E-02
         0.275341331900165E-02
         0.258593165812228E-02
         0.229997929748607E-02
         0.156982778734395E-02
         0.732755278727958E-03
         0.237288573261007E-03
         0.561349783855002E-04
         0.101618640244328E-04
         0.151242259941116E-05
         0.228634945744782E-06
         0.587212807801561E-07
         0.287528210523586E-07
         0.175133322959624E-07
         0.110637966843547E-07
         0.700995929994707E-08
         0.441655766219739E-08
         0.274993088425972E-08
         0.168020528059495E-08
         0.998180885913829E-09
         0.568981799382805E-09
         0.304379207854804E-09
         0.146517868013608E-09
         0.592454371682253E-10
         0.186735908262938E-10
         0.437494456567336E-11
         0.754128989911363E-12
         0.968622755002164E-13
         0.945589318769700E-14
         0.715925731036053E-15
         0.428126109105879E-16
         0.206197900453684E-17
         0.845944635477654E-19
         0.428127179991758E-20
         0.650807338027696E-21
         0.189205373823786E-21
         0.572993246626555E-22
         0.162338730073796E-22
         0.415684096046597E-23
         0.927186092509319E-24
         0.171971630823737E-24
         0.250790327342788E-25
         0.270161269873909E-26
         0.201469071555420E-27
         0.972861989811267E-29
         0.281646698139395E-30
         0.434648488688792E-32
         0.270691670223189E-34
