         0.328614204079814E-08
         0.607194825303253E-07
         0.556679614948233E-06
         0.337808660365980E-05
         0.152715288827595E-04
         0.548878408365762E-04
         0.163455007172883E-03
         0.415070590601795E-03
         0.918064192855673E-03
         0.179807114614517E-02
         0.316005827755142E-02
         0.503916719595336E-02
         0.736141101677326E-02
         0.993615325143706E-02
         0.124899714130321E-01
         0.147321552793527E-01
         0.164270585337848E-01
         0.174463218192882E-01
         0.177847999417261E-01
         0.175405935034225E-01
         0.168728138223869E-01
         0.159552595236801E-01
         0.149404020971765E-01
         0.139401329881522E-01
         0.130222555481490E-01
         0.122174289702136E-01
         0.115304899789656E-01
         0.109515624152221E-01
         0.104645651831061E-01
         0.100525657411134E-01
         0.970048882651155E-02
         0.939605131887873E-02
         0.912972512017559E-02
         0.889429210962918E-02
         0.868431389083939E-02
         0.849566308211139E-02
         0.832515985628346E-02
         0.817030884408828E-02
         0.802911508763431E-02
         0.789995665783166E-02
         0.778149594120136E-02
         0.767261675761884E-02
         0.757237869789669E-02
         0.747998307865526E-02
         0.739474690990868E-02
         0.731608255461516E-02
         0.724348157312287E-02
         0.717650175767060E-02
         0.711475668148227E-02
         0.705790728246434E-02
         0.700565511783109E-02
         0.695773699334491E-02
         0.691392071027038E-02
         0.687400169923500E-02
         0.683780033273723E-02
         0.680515973286664E-02
         0.677594392049397E-02
         0.675003618678713E-02
         0.672733760560012E-02
         0.670776564312599E-02
         0.669125285583204E-02
         0.667774569593852E-02
         0.666720346310957E-02
         0.665959745022759E-02
         0.665491033002175E-02
         0.665313581910792E-02
         0.665427863899434E-02
         0.665835477298254E-02
         0.666539199726146E-02
         0.667543064747392E-02
         0.668852457180090E-02
         0.670474222049078E-02
         0.672416783094792E-02
         0.674690268687850E-02
         0.677306645817089E-02
         0.680279866266045E-02
         0.683626032844639E-02
         0.687363597252008E-02
         0.691513604506153E-02
         0.696100001690764E-02
         0.701150031026908E-02
         0.706694729218485E-02
         0.712769557207021E-02
         0.719415187852846E-02
         0.726678485057930E-02
         0.734613718492486E-02
         0.743284076283441E-02
         0.752763568032520E-02
         0.763139458876617E-02
         0.774515452202733E-02
         0.787015959888484E-02
         0.800791987316068E-02
         0.816029443314067E-02
         0.832961081199062E-02
         0.851883757002407E-02
         0.873183092314112E-02
         0.897367505739778E-02
         0.925111995585746E-02
         0.957307440206058E-02
         0.995101457293503E-02
         0.103990034515182E-01
         0.109327911592233E-01
         0.115672470159962E-01
         0.123113164281160E-01
         0.131600437557852E-01
         0.140842060055473E-01
         0.150198219783126E-01
         0.158618436100037E-01
         0.164676856432554E-01
         0.166754651393413E-01
         0.163377808039995E-01
         0.153648835608762E-01
         0.137637407046519E-01
         0.116560980813714E-01
         0.926302670180865E-02
         0.685583850901818E-02
         0.468862999353382E-02
         0.293760703725362E-02
         0.167009675001422E-02
         0.852059092716470E-03
         0.384952614143916E-03
         0.151495523606827E-03
         0.508419642478107E-04
         0.141384612806338E-04
         0.312602873379981E-05
         0.514942947101912E-06
         0.561490157727272E-07
         0.303800646658143E-08
