         0.212733172097674E-38
         0.274512311215498E-36
         0.175721646972121E-34
         0.743938291033254E-33
         0.234326548640443E-31
         0.585705756419223E-30
         0.121007130384691E-28
         0.212530459736662E-27
         0.323918184833949E-26
         0.435173730824940E-25
         0.521756139419737E-24
         0.563876030743805E-23
         0.553838658307076E-22
         0.497806592725412E-21
         0.411870179410238E-20
         0.315261126242173E-19
         0.224228779006773E-18
         0.148760729301682E-17
         0.923700903105563E-17
         0.538427402491643E-16
         0.295422659672304E-15
         0.152943553379387E-14
         0.748750714536935E-14
         0.347313450162285E-13
         0.152920809803182E-12
         0.640157288601292E-12
         0.255173991907650E-11
         0.969877549935622E-11
         0.351950644398621E-10
         0.122079249507070E-09
         0.405200116058799E-09
         0.128825694037592E-08
         0.392687100233398E-08
         0.114862744688498E-07
         0.322664373149107E-07
         0.871141712085319E-07
         0.226202304492098E-06
         0.565274744936404E-06
         0.136032094465163E-05
         0.315420324244084E-05
         0.705074883020043E-05
         0.152017480116417E-04
         0.316275520744696E-04
         0.635241611713660E-04
         0.123222052317554E-03
         0.230928165665306E-03
         0.418269132759000E-03
         0.732429564359648E-03
         0.124033073397814E-02
         0.203184888875801E-02
         0.322061560920546E-02
         0.494063000882015E-02
         0.733694848720433E-02
         0.105493026746952E-01
         0.146887419850663E-01
         0.198092330913505E-01
         0.258782569688533E-01
         0.327522698437563E-01
         0.401637577794436E-01
         0.477259198659353E-01
         0.549584985456165E-01
         0.613342016110211E-01
         0.663403642624669E-01
         0.695462229326981E-01
         0.706637104232161E-01
         0.695899492659008E-01
         0.664227975833760E-01
         0.614462077454826E-01
         0.550884194158448E-01
         0.478614797956338E-01
         0.402938685243165E-01
         0.328683846934485E-01
         0.259750732691049E-01
         0.198847209156459E-01
         0.147436302023792E-01
         0.105862446159402E-01
         0.735960601532343E-02
         0.495286973716083E-02
         0.322593191383514E-02
         0.203304539100382E-02
         0.123942774801307E-02
         0.730730009444643E-03
         0.416508445389871E-03
         0.229446333740263E-03
         0.122117358728651E-03
         0.627696665564695E-04
         0.311475255044814E-04
         0.149145805353236E-04
         0.688828729224350E-05
         0.306696444888580E-05
         0.131574799945251E-05
         0.543570575426118E-06
         0.216119275129259E-06
         0.826421272055896E-07
         0.303721432932140E-07
         0.107198489061349E-07
         0.363069944439113E-08
         0.117897106813102E-08
         0.366708702130418E-09
         0.109145769908205E-09
         0.310518750116640E-10
         0.843437894026022E-11
         0.218448554202489E-11
         0.538734574179143E-12
         0.126321024645757E-12
         0.281149338531582E-13
         0.592893611750781E-14
         0.118232038454468E-14
         0.222466338474127E-15
         0.394016400536311E-16
         0.655114193118490E-17
         0.101944978945921E-17
         0.147975797710143E-18
         0.199584309009959E-19
         0.249041927207654E-20
         0.286049287121486E-21
         0.300667866530086E-22
         0.287221356327223E-23
         0.247319073425983E-24
         0.190053577122694E-25
         0.128738272881628E-26
         0.756733983062531E-28
         0.378144289698054E-29
         0.156187160268272E-30
         0.511925218505267E-32
         0.124836233077865E-33
         0.201336722828647E-35
         0.161080201307503E-37
